3086.964375 -2786.870625
3056.955 -2754.860625
3026.945625 -2716.84875
2978.930625 -2658.830625
2952.9225 -2612.81625
2914.910625 -2562.800625
2876.89875 -2514.785625
2838.886875 -2456.7675
2806.876875 -2412.75375
2772.86625 -2372.74125
2740.85625 -2326.726875
2720.85 -2298.718125
2738.855625 -2276.71125
2790.871875 -2288.715
2824.8825 -2302.719375
2852.89125 -2306.720625
2886.901875 -2310.721875
2942.919375 -2324.72625
2972.92875 -2330.728125
2996.93625 -2344.7325
3010.940625 -2302.719375
3022.944375 -2264.7075
3034.948125 -2226.695625
3044.95125 -2190.684375
2974.929375 -2174.679375
2910.909375 -2160.675
2846.889375 -2150.671875
2802.875625 -2142.669375
2758.861875 -2130.665625
2698.843125 -2118.661875
2646.826875 -2116.66125
2590.809375 -2106.658125
2546.795625 -2096.655
2500.78125 -2094.654375
2428.75875 -2076.64875
2380.74375 -2066.645625
2340.73125 -2058.643125
2294.716875 -2048.64
2218.69312560956 -2030.63437555789
2170.67812559637 -2012.62875055295
2106.65812557878 -2000.62500054965
2050.64062556339 -1982.6193755447
1984.62000054525 -1966.6143755403
1958.61187553811 -1960.61250053866
1954.61062553701 -1892.59125051997
1946.60812553481 -1854.57937550952
1936.60500053206 -1818.56812549963
1936.60500053206 -1778.55562548864
1932.60375053096 -1732.541250476
1932.60375053096 -1710.53437546995
1892.59125051997 -1712.5350004705
1858.58062551062 -1714.53562547105
1820.56875050018 -1716.5362504716
1790.55937549194 -1712.5350004705
1788.55875049139 -1666.52062545786
1788.55875049139 -1628.50875044741
1784.55750049029 -1588.49625043642
1786.55812549084 -1550.48437542598
1790.559375 -1494.466875
1790.559375 -1458.455625
1810.565625 -1418.443125
1826.570625 -1376.43
1840.575 -1344.42
1852.57875 -1294.404375
1848.5775 -1244.38875
1850.578125 -1196.37375
1848.5775 -1158.361875
1862.581875 -1138.355625
1818.568125 -1138.355625
1782.556875 -1146.358125
1742.544375 -1156.36125
1716.53625 -1168.365
1700.53125 -1184.37
1712.535 -1228.38375
1714.535625 -1266.395625
1708.53375 -1294.404375
1694.529375 -1322.413125


